8) 20
 9) 10
 10) 20
 11) 10
 12) 20
 13) 10
 14) 20
 15) 10
 16) 20
 17) 10
 18) 20
 19) 10
 20) 20
 21) 10
 22) 20
 23) 10
 24) 20
 25) 10
 26) 20
 27) 10
 28) 20
 29) 10
 30) 20
 31) 10
 32) 20
 33) 10
 34) 20
 35) 10
 36) 20
 37) 10
 38) 20
 39) 10
 40) 20
 41) 10
 42) 20
 43) 10
 44) 20
 45) 10
 46) 20
 47) 10
 48) 20
 49) 10
 50) 20
 51) 10
 52) 20
 53) 10
 54) 20
 55) 10
 56) 20
 57) 10
 58) 20
 59) 10
 60) 20
 61) 10
 62) 20
 63) 10
 64) 20
 65) 10
 66) 20
 67) 10
 68) 20
 69) 10
 70) 20
 71) 10
 72) 20
 73) 10
 74) 20
 75) 10
 76) 20
 77) 10
 78) 20
 79) 10
 80) 20
 81) 10
 82) 20
 83) 10
 84) 20
 85) 10
 86) 20
 87) 10
 88) 20
 89) 10
 90) 20
 91) 10
 92) 20
 93) 10
 94) 20
 95) 10
 96) 20
 97) 10
 98) 20
 99) 10
 100) 20
 101) 10
 102) 20
 103) 10
 104) 20
 105) 10
 106) 20
 1) 10
 1) 10
 1) 10
 1) 10
 1) 10
 1) 10
 2) 20
 3) 10
 4) 20
 5) 10
 6) 20
 7) 10
 8) 20
 9) 10
 10) 20
 11) 10
 12) 20
 13) 10
 14) 20
 15) 10
 16) 20
 17) 10
 18) 20
 19) 10
 20) 20
 1) 10
 2) 20
 3) 10
 4) 20
 5) 10
 6) 20
 7) 10
 8) 20
 9) 10
 10) 20
 11) 10
 12) 20
 13) 10
 14) 20
 15) 10
 16) 20
 17) 10
 18) 20
 19) 10
 20) 20
 21) 10
 22) 20
 23) 10
 24) 20
 25) 10
 26) 20
 27) 10
 28) 20
 29) 10
 30) 20
 31) 10
 32) 20
 33) 10
 34) 20
 35) 10
 36) 20
 37) 10
 38) 20
 39) 10
 40) 20
 41) 10
 42) 20
 43) 10
 44) 20
 45) 10
 46) 20
 47) 10
 48) 20
 49) 10
 50) 20
 51) 10
 52) 20
 53) 10
 54) 20
 55) 10
 56) 20
 57) 10
 58) 20
 59) 10
 60) 20
 61) 10
 62) 20
 63) 10
 64) 20
 65) 10
 66) 20
 67) 10
 68) 20
 69) 10
 70) 20
 71) 10
 72) 20
 73) 10
 74) 20
 75) 10
 76) 20
 77) 10
 78) 20
 79) 10
 80) 20
 81) 10
 82) 20
 83) 10
 84) 20
 85) 10
 86) 20
 87) 10
 88) 20
 89) 10
 90) 20
 91) 10
 92) 20
 93) 10
 94) 20
 95) 10
 96) 20
 97) 10
 98) 20
 99) 10
 100) 20
 101) 10
 102) 20
 103) 10
 104) 20
 105) 10
 106) 20
 107) 10
 108) 20
 109) 10
 110) 20
 111) 10
 112) 20
 113) 10
 114) 20
 115) 10
 116) 20
 117) 10
 118) 20
 119) 10
 120) 20
 121) 10
 122) 20
 123) 10
 124) 20
 125) 10
 126) 20
 127) 10
 128) 20
 129) 10
 130) 20
 131) 10
 132) 20
 133) 10
 134) 20
 135) 10
 136) 20
 137) 10
 138) 20
 139) 10
 140) 20
 141) 10
 142) 20
 143) 10
 144) 20
 145) 10
 146) 20
 147) 10
 148) 20
 149) 10
 150) 20
 151) 10
 152) 20
 153) 10
 154) 20
 155) 10
 156) 20
 157) 10
 158) 20
 159) 10
 160) 20
 161) 10
 162) 20
 163) 10
 164) 20
 165) 10
 166) 20
 167) 10
 168) 20
 169) 10
 170) 20
 171) 10
 172) 20
 173) 10
 174) 20
 175) 10
 176) 20
 177) 10
 178) 20
 179) 10
 180) 20
 181) 10
 182) 20
 183) 10
 184) 20
 185) 10
 186) 20
 187) 10
 188) 20
 189) 10
 190) 20
 191) 10
 192) 20
 193) 10
 194) 20
 195) 10
 196) 20
 197) 10
 198) 20
 199) 10
 200) 20
 201) 10
 202) 20
 203) 10
 204) 20
 205) 10
 206) 20
 207) 10
 208) 20
 209) 10
 210) 20
 211) 10
 212) 20
 213) 10
 214) 20
 215) 10
 216) 20
 217) 10
 218) 20
 219) 10
 220) 20
 221) 10
 222) 20
 223) 10
 224) 20
 225) 10
 226) 20
 227) 10
 228) 20
 229) 10
 230) 20
 231) 10
 232) 20
 233) 10
 234) 20
 235) 10
 236) 20
 237) 10
 238) 20
 239) 10
 240) 20
 241) 10
 242) 20
 243) 10
 244) 20
 245) 10
 246) 20
 247) 10
 248) 20
 249) 10
 250) 20
 251) 10
 252) 20
 253) 10
 254) 20
 255) 10
 256) 20
 257) 10
 258) 20
 259) 10
 260) 20
 261) 10
 262) 20
 263) 10
 264) 20
 265) 10
 266) 20
 267) 10
 268) 20
 269) 10
 270) 20
 271) 10
 272) 20
 273) 10
 274) 20
 275) 10
 276) 20
 277) 10
 278) 20
 279) 10
 280) 20
 281) 10
 282) 20
 283) 10
 284) 20
 285) 10
 286) 20
 287) 10
 288) 20
 289) 10
 290) 20
 291) 10
 292) 20
 293) 10
 294) 20
 295) 10
 296) 20
 297) 10
 298) 20
 299) 10
 300) 20
 301) 10
 302) 20
 303) 10
 304) 20
 305) 10
 306) 20
 307) 10
 308) 20
 309) 10
 310) 20
 311) 10
 312) 20
 313) 10
 314) 20
 315) 10
 316) 20
 317) 10
 318) 20
 319) 10
 320) 20
 321) 10
 322) 20
 323) 10
 324) 20
 325) 10
 326) 20
 327) 10
 328) 20
 329) 10
 330) 20
 331) 10
 332) 20
 333) 10
 334) 20
 335) 10
 336) 20
 337) 10
 338) 20
 339) 10
 340) 20
 341) 10
 342) 20
 343) 10
 344) 20
 345) 10
 346) 20
 347) 10
 348) 20
 349) 10
 350) 20
 351) 10
 352) 20
 353) 10
 354) 20
 355) 10
 356) 20
 357) 10
 358) 20
 359) 10
 360) 20
 361) 10
 362) 20
 363) 10
 364) 20
 365) 10
 366) 20
 367) 10
 368) 20
 369) 10
 370) 20
 371) 10
 372) 20
 373) 10
 374) 20
 375) 10
 376) 20
 377) 10
 378) 20
 379) 10
 380) 20
 381) 10
 382) 20
 383) 10
 384) 20
 385) 10
 386) 20
 387) 10
 388) 20
 389) 10
 390) 20
 391) 10
 392) 20
 393) 10
 394) 20
 395) 10
 396) 20
 397) 10
 398) 20
 399) 10
 400) 20
 401) 10
 402) 20
 403) 10
 404) 20
 405) 10
 406) 20
 407) 10
 408) 20
 409) 10
 410) 20
 411) 10
 412) 20
 413) 10
 414) 20
 415) 10
 416) 20
 417) 10
 418) 20
 419) 10
 420) 20
 421) 10
 422) 20
 423) 10
 424) 20
 425) 10
 426) 20
 427) 10
 428) 20
 429) 10
 430) 20
 431) 10
 432) 20
 433) 10
 434) 20
 435) 10
 436) 20
 437) 10
 438) 20
 439) 10
 440) 20
 441) 10
 442) 20
 443) 10
 444) 20
 445) 10
 446) 20
 447) 10
 448) 20
 449) 10
 450) 20
 451) 10
 452) 20
 453) 10
 454) 20
 455) 10
 456) 20
 457) 10
 458) 20
 459) 10
 460) 20
 461) 10
 462) 20
 463) 10
 464) 20
 465) 10
 466) 20
 467) 10
 468) 20
 469) 10
 470) 20
 471) 10
 472) 20
 473) 10
 474) 20
 475) 10
 476) 20
 477) 10
 478) 20
 479) 10
 480) 20
 481) 10
 482) 20
 483) 10
 484) 20
 485) 10
 486) 20
 487) 10
 488) 20
 489) 10
 490) 20
 491) 10
 492) 20
 493) 10
 494) 20
 495) 10
 496) 20
 497) 10
 498) 20
 499) 10
 500) 20
 501) 10
 502) 20
 503) 10
 504) 20
 505) 10
 506) 20
 507) 10
 508) 20
 509) 10
 510) 20
 511) 10
 512) 20
 513) 10
 514) 20
 515) 10
 516) 20
 517) 10
 518) 20
 519) 10
 520) 20
 521) 10
 522) 20
 523) 10
 524) 20
 525) 10
 526) 20
 527) 10
 528) 20
 529) 10
 530) 20
 531) 10
 532) 20
 533) 10
 534) 20
 535) 10
 536) 20
 537) 10
 538) 20
 539) 10
 540) 20
 541) 10
 542) 20
 543) 10
 544) 20
 545) 10
 546) 20
 547) 10
 548) 20
 549) 10
 550) 20
 551) 10
 552) 20
 553) 10
 554) 20
 555) 10
 556) 20
 557) 10
 558) 20
 559) 10
 560) 20
 561) 10
 562) 20
 563) 10
 564) 20
 565) 10
 566) 20
 567) 10
 568) 20
 569) 10
 570) 20
 571) 10
 572) 20
 573) 10
 574) 20
 575) 10
 576) 20
 577) 10
 578) 20
 579) 10
 580) 20
 581) 10
 582) 20
 583) 10
 584) 20
 585) 10
 586) 20
 587) 10
 588) 20
 589) 10
 590) 20
 591) 10
 592) 20
 593) 10
 594) 20
 595) 10
 596) 20
 597) 10
 598) 20
 599) 10
 600) 20
 601) 10
 602) 20
 603) 10
 604) 20
 605) 10
 606) 20
 607) 10
 608) 20
 609) 10
 610) 20
 611) 10
 612) 20
 613) 10
 614) 20
 615) 10
 616) 20
 617) 10
 618) 20
 619) 10
 620) 20
 621) 10
 622) 20
 623) 10
 624) 20
 625) 10
 626) 20
 627) 10
 628) 20
 629) 10
 630) 20
 631) 10
 632) 20
 633) 10
 634) 20
 635) 10
 636) 20
 637) 10
 638) 20
 639) 10
 640) 20
 641) 10
 642) 20
 643) 10
 644) 20
 645) 10
 646) 20
 647) 10
 648) 20
 649) 10
 650) 20
 651) 10
 652) 20
 653) 10
 654) 20
 655) 10
 656) 20
 657) 10
 658) 20
 659) 10
 660) 20
 661) 10
 662) 20
 663) 10
 664) 20
 665) 10
 666) 20
 667) 10
 668) 20
 669) 10
 670) 20
 671) 10
 672) 20
 673) 10
 674) 20
 675) 10
 676) 20
 677) 10
 678) 20
 679) 10
 680) 20
 681) 10
 682) 20
 683) 10
 684) 20
 685) 10
 686) 20
 687) 10
 688) 20
 689) 10
 690) 20
 691) 10
 692) 20
 693) 10
 694) 20
 695) 10
 696) 20
 697) 10
 698) 20
 699) 10
 700) 20
 701) 10
 702) 20
 703) 10
 704) 20
 705) 10
 706) 20
 707) 10
 708) 20
 709) 10
 710) 20
 711) 10
 712) 20
 713) 10
 714) 20
 715) 10
 716) 20
 717) 10
 718) 20
 719) 10
 720) 20
 721) 10
 722) 20
 723) 10
 724) 20
 725) 10
 726) 20
 727) 10
 728) 20
 729) 10
 730) 20
 731) 10
 732) 20
 733) 10
 734) 20
 735) 10
 736) 20
 737) 10
 738) 20
 739) 10
 740) 20
 741) 10
 742) 20
 743) 10
 